$ 1 0.000005 10.20027730826997 50 5 50 5e-11
R 192 336 192 384 0 1 1000 10 0 0 0.5
r 192 224 192 336 0 1000
209 336 224 192 224 4 0.00009999999999999999 0.26846688168485455 0.001 0 1
r 336 80 336 224 0 1000
R 336 80 336 32 0 0 40 2.6 0 0 0.5
t 336 224 384 224 0 1 -7.71828680119412 0.6389190785477474 100 default
r 384 96 384 208 0 1000
R 384 96 384 32 0 0 40 16.6 0 0 0.5
r 384 240 384 352 0 1000
g 384 352 384 384 0 0
209 384 240 528 240 4 0.00009999999999999999 0.3962056140132266 0.001 0 1
g 528 352 528 384 0 0
r 528 240 528 352 0 1000
w 528 240 656 240 0
x 667 243 700 246 4 12 export
